BasinHopping: step -1, energy      -99.630982, emin      -99.630982, dr        0.300000
Moved:  5
BasinHopping: step 0, energy     -105.019230, emin     -105.019230, dr        0.300000
Moved:  5
BasinHopping: step 1, energy     -105.481680, emin     -105.481680, dr        0.300000
Moved:  4
BasinHopping: step 2, energy     -102.319874, emin     -105.481680, dr        0.300000
Moved:  5
BasinHopping: step 3, energy     -104.271459, emin     -105.481680, dr        0.300000
Moved:  4
BasinHopping: step 4, energy     -103.680465, emin     -105.481680, dr        0.300000
Moved:  5
BasinHopping: step 5, energy     -103.512983, emin     -105.481680, dr        0.300000
Moved:  8
BasinHopping: step 6, energy     -104.756551, emin     -105.481680, dr        0.300000
Moved:  4
BasinHopping: step 7, energy     -103.440237, emin     -105.481680, dr        0.300000
Moved:  6
BasinHopping: step 8, energy     -108.315615, emin     -108.315615, dr        0.300000
0   [0.35464734753869909, 0.29714783544178713, 0.40675504496084247, 0.28425869985705565, 0.38847871912768528, 0.46464327956451662, 0.27007407916610865, 0.28600523701460667, 0.26206169055724599]
1   [0.3587569351575407, 0.44612539124149753, 0.42475099464506189, 0.45981004538657239, 0.51948204529635233, 0.59514416510526602, 0.33240605161116693, 0.54869754250129965, 0.30699740298377298]
2   [0.61366614067792991, 0.50630297188719042, 0.47770743876610527, 0.50343283037418729, 0.65088664170210053, 0.60173072246731829, 0.55116902725673989, 0.55769248203900268, 0.31443288920782814]
3   [0.62257017869455333, 0.52673748863707137, 0.49555068706070715, 0.53457606495979215, 0.68384359846545284, 0.62518007674679543, 0.55657724924510765, 0.5929582985119809, 0.42532541660685297]
4   [0.65360591158454839, 0.62722532037328627, 0.55740866860576088, 0.5445281326431759, 0.71209959249993948, 0.64084214793740801, 0.68012986374986861, 0.61706649146908565, 0.45874164428493031]
5   [0.65838204671359368, 0.64358119472629605, 0.6328972938103824, 0.58139053182910183, 0.74203808995019227, 0.74193534908533942, 0.68417193243752294, 0.67959107286563225, 0.54679156499346715]
6   [0.6672856622019594, 0.6574662309165602, 0.6789811009409622, 0.59569082004300489, 0.79650125743642719, 0.74486264271852665, 0.68510577801101491, 0.70514330989650187, 0.55817263680836759]
7   [0.66952997662132074, 0.65920596978204504, 0.68568811256610318, 0.66744161015494963, 0.82054320112558377, 0.75196031020545662, 0.69298385589454592, 0.71233734145564553, 0.63819541702981575]
8   [0.69691126158713512, 0.6598094073039239, 0.69313630383293467, 0.68421559361576789, 0.8449070270999387, 0.75984710163238878, 0.69611124377616063, 0.75729592340387564, 0.64749665021256309]
9   [0.69735733149943335, 0.66558995121451792, 0.70790759729647579, 0.74188773852819945, 0.85322351445935762, 0.81021860489668929, 0.7018554560086866, 0.75853519669582392, 0.65452226437822636]
10   [0.70113413203328334, 0.70805478719459414, 0.70947738930055415, 0.75223311480833854, 0.88374607117264448, 0.82538427544418425, 0.73761079679678643, 0.77587955714563106, 0.70798260699483584]
11   [0.70891408083831087, 0.74386624834390058, 0.71223228321218568, 0.79085719929347198, 0.97767950979035489, 0.82679976181699644, 0.76439381904130344, 0.793746028221477, 0.77021172541978389]
12   [0.71070981704821468, 0.7546297041617317, 0.71903184883199955, 0.8196985036828438, 0.98918776757133986, 0.83463051536346144, 0.79755868444751743, 0.79870219686486776, 0.77301993266664371]
13   [0.73304149294693866, 0.75525217959351465, 0.73770781046821265, 0.82056177654987994, 1.0021856888750276, 0.83725255442014768, 0.88416846406727656, 0.80719842643865491, 0.77374777987330623]
14   [0.74473802117746846, 0.79317223183208696, 0.74656667630886653, 0.85567645031478234, 1.0645996644698943, 0.83873766649606396, 0.88675330299722732, 0.81473165814432635, 0.78599597103255925]
15   [0.74571002816476573, 0.81870855358631145, 0.75421584449483081, 0.86309027869568855, 1.0834712986874058, 0.85594644946238696, 0.91094385722278359, 0.81546640728786324, 0.80084616128120989]
16   [0.74655742944390202, 0.82458440705383285, 0.75798599634581154, 0.88718805471901219, 1.1012727126379527, 0.88235631283678595, 1.0196354802677499, 0.84740321652936035, 0.8252916906869987]
17   [0.79508341752555212, 0.82871578349833241, 0.80261830886963703, 0.90307355258723343, 1.1547508773646802, 0.92256196733159423, 1.0549511928010367, 0.85770680986543757, 0.83065297148759853]
18   [0.81175154265631511, 0.8468058155462207, 0.80689496960006923, 0.91025489152070505, 1.218496744568248, 0.92768310064363935, 1.0558179903800116, 0.86272256579380846, 0.84614289334986448]
19   [0.83926063803021, 0.98817561784748731, 0.8298713126577576, 0.91142763804853499, 1.2192581756891165, 0.98121872473029814, 1.0776876447208061, 0.87785840415450123, 0.84916987924414677]
20   [0.84386883005831037, 0.98959413995869761, 0.83310830031959981, 0.93481089600097822, 1.2310146737080412, 0.99242132949652284, 1.0799590549898934, 0.88303955217661823, 0.86747112880386235]
21   [0.8735539877988503, 1.0202692378396938, 0.84006220730163428, 0.9455409954738806, 1.2486173066578738, 1.0361782894168658, 1.1103361956624187, 0.88875019296478863, 0.88433161957744599]
22   [0.88725443315361152, 1.1093964532185536, 0.85463292428097215, 1.0228689133930187, 1.2655087583592273, 1.0403811054251111, 1.1370442542243968, 0.89262734558006662, 0.90194587258154035]
23   [0.8906179094228367, 1.1194762707216381, 0.89381082701081094, 1.0356872761532601, 1.2842167037736145, 1.0615492955759314, 1.2217335463705212, 0.92752413048027471, 0.90523456082001397]
24   [0.91870997374414343, 1.1814340335532472, 0.9004291797004027, 1.0724068802833289, 1.3785699660836996, 1.1525467840780972, 1.2459046278745032, 0.93295687224628476, 0.96014258313555867]
25   [0.94665456274671478, 1.2081675415645168, 1.0609324603588193, 1.099833383913968, 1.3882652935764168, 1.1641674883793138, 1.2686217627624718, 0.97379333679523028, 1.0417624678334925]
force calls:  1201
pe:  -108.31561514
distances:  [[ 0.          1.17383309  1.08851236  2.25889081  1.17383779  1.77870967
   1.08851306  1.87414282  2.70454167  1.87414287  2.18647148  1.14346206
   1.17384656  2.65045984  1.17383205  1.14345478  1.89470839  2.70454239
   2.70456161  1.89470322  2.25886297  1.87416321  2.18646591  1.87414037
   1.77871647  2.70452066]
 [ 1.17383309  0.          1.79478711  2.77283314  1.98745095  1.79478963
   1.05954577  1.17382811  2.77286411  2.25892212  2.68086934  1.87187951
   1.18027594  2.70456195  2.31149087  1.14748047  2.77286455  2.31146457
   3.16770611  1.18025712  1.98744429  2.70456954  1.87186843  1.89466348
   2.11364789  2.77277836]
 [ 1.08851236  1.79478711  0.          1.79476673  1.05955116  1.05591723
   1.0559216   1.77870705  1.79475081  1.08850364  1.10307301  1.10306351
   1.79477793  1.77872515  1.05954942  1.10307447  1.0595538   2.1136392
   1.79479217  2.11364499  1.79474328  1.08850799  1.7814496   1.77870926
   1.05592389  2.11363913]
 [ 2.25889081  2.77283314  1.79476673  0.          2.77284012  2.11364847
   1.79478057  2.70456961  2.77284204  2.70454981  1.87186759  1.14745393
   1.98740743  1.8947201   1.98743582  2.6808577   2.31146539  2.77288354
   1.18023531  2.31148904  3.16770629  1.17382996  1.87190125  1.17385549
   1.05955313  1.18028162]
 [ 1.17383779  1.98745095  1.05955116  2.77284012  0.          1.79475729
   1.79477294  2.2588741   2.31142492  1.1737916   1.87188148  1.87188377
   2.3115033   2.70456226  1.18027881  1.14744739  1.18028761  2.7728008
   2.77286824  2.77284068  1.98735461  1.8947041   2.68084513  2.70455607
   2.11364832  3.16769964]
 [ 1.77870967  1.79478963  1.05591723  2.11364847  1.79475729  0.
   1.05592013  1.08851657  1.05955267  1.0885154   1.10306284  1.78145385
   2.1136473   1.08851758  2.11364192  1.10307645  1.79476823  1.0595468
   1.79479466  1.7947755   1.05954923  1.77869948  1.1030668   1.77871312
   1.05592234  1.79477944]
 [ 1.08851306  1.05954577  1.0559216   1.79478057  1.79477294  1.05592013
   0.          1.08850627  2.1136457   1.77870985  1.78144925  1.10308201
   1.05955419  1.77871299  1.7947869   1.10306571  2.11364895  1.79476823
   2.1136423   1.05954961  1.79476374  1.77872112  1.10306605  1.08850334
   1.05592653  1.79473182]
 [ 1.87414282  1.17382811  1.77870705  2.70456961  2.2588741   1.08851657
   1.08850627  0.          1.89472305  1.87415497  2.18646606  2.18647479
   1.8947058   1.8741527   2.70455511  1.14345107  2.7045549   1.17380718
   2.70456963  1.17382837  1.1738425   2.65044982  1.14346238  1.87414685
   1.7787174   2.25887328]
 [ 2.70454167  2.77286411  1.79475081  2.77284204  2.31142492  1.05955267
   2.1136457   1.89472305  0.          1.17380215  1.14743198  2.68084499
   3.16770935  1.17385663  2.77280474  1.87187859  1.98737989  1.18031743
   1.98746779  2.77285854  1.180291    2.25885261  1.87189995  2.70457346
   1.79477335  2.31153745]
 [ 1.87414287  2.25892212  1.08850364  2.70454981  1.1737916   1.0885154
   1.77870985  1.87415497  1.17380215  0.          1.1434713   2.18645602
   2.70456306  1.87417338  1.89467204  1.14347232  1.17381104  1.89469124
   2.258937    2.70456061  1.17379637  1.87412614  2.18646872  2.65044984
   1.77871312  2.70457869]
 [ 2.18647148  2.68086934  1.10307301  1.87186759  1.87188148  1.10306284
   1.78144925  2.18646606  1.14743198  1.1434713   0.          1.85317126
   2.68084973  1.14347115  1.87188281  1.85319156  1.14746609  1.87188433
   1.14749643  2.68084894  1.87186577  1.14343867  1.85316758  2.18646768
   1.10305991  1.87190762]
 [ 1.14346206  1.87187951  1.10306351  1.14745393  1.87188377  1.78145385
   1.10308201  2.18647479  2.68084499  2.18645602  1.85317126  0.
   1.14746204  2.18648179  1.14747029  1.85317853  1.87187204  2.6808719
   1.8718618   1.87189498  2.68084002  1.14347297  1.85319214  1.14347362
   1.1030761   1.87184939]
 [ 1.17384656  1.18027594  1.79477793  1.98740743  2.3115033   2.1136473
   1.05955419  1.8947058   3.16770935  2.70456306  2.68084973  1.14746204
   0.          2.70454942  1.98745237  1.87188988  2.77285092  2.77283998
   2.77280514  1.18027866  2.77284231  2.25890606  1.87187054  1.17378297
   1.79476547  2.31138768]
 [ 2.65045984  2.70456195  1.77872515  1.8947201   2.70456226  1.08851758
   1.77871299  1.8741527   1.17385663  1.87417338  1.14347115  2.18648179
   2.70454942  0.          2.70458044  2.18648135  2.25891204  1.17385514
   1.17386109  2.25888497  1.89471931  1.87415961  1.14345047  1.87416174
   1.08851939  1.17387371]
 [ 1.17383205  2.31149087  1.05954942  1.98743582  1.18027881  2.11364192
   1.7947869   2.70455511  2.77280474  1.89467204  1.87188281  1.14747029
   1.98745237  2.70458044  0.          1.87187324  1.18026968  3.16770493
   2.31149886  2.77285747  2.77279468  1.17384681  2.68086812  2.25891525
   1.79479027  2.7728469 ]
 [ 1.14345478  1.14748047  1.10307447  2.6808577   1.14744739  1.10307645
   1.10306571  1.14345107  1.87187859  1.14347232  1.85319156  1.85317853
   1.87188988  2.18648135  1.87187324  0.          1.87188989  1.8718534
   2.68088259  1.87187553  1.14743198  2.18646978  1.85317385  2.18645779
   1.78146062  2.68084089]
 [ 1.89470839  2.77286455  1.0595538   2.31146539  1.18028761  1.79476823
   2.11364895  2.7045549   1.98737989  1.17381104  1.14746609  1.87187204
   2.77285092  2.25891204  1.18026968  1.87188989  0.          2.77283353
   1.98746226  3.16771026  2.31143629  1.17380795  2.68085398  2.70456261
   1.79477496  2.77286144]
 [ 2.70454239  2.31146457  2.1136392   2.77288354  2.7728008   1.0595468
   1.79476823  1.17380718  1.18031743  1.89469124  1.87188433  2.6808719
   2.77283998  1.17385514  3.16770493  1.8718534   2.77283353  0.
   2.31153178  1.98742651  1.18027564  2.70456394  1.14747907  2.25892072
   1.79479691  1.98748437]
 [ 2.70456161  3.16770611  1.79479217  1.18023531  2.77286824  1.79479466
   2.1136423   2.70456963  1.98746779  2.258937    1.14749643  1.8718618
   2.77280514  1.17386109  2.31149886  2.68088259  1.98746226  2.31153178
   0.          2.77282158  2.77287174  1.17382678  1.87187383  1.89468363
   1.05953957  1.18030206]
 [ 1.89470322  1.18025712  2.11364499  2.31148904  2.77284068  1.7947755
   1.05954961  1.17382837  2.77285854  2.70456061  2.68084894  1.87189498
   1.18027866  2.25888497  2.77285747  1.87187553  3.16771026  1.98742651
   2.77282158  0.          2.31149041  2.70456864  1.14745576  1.17381038
   1.79477531  1.98735601]
 [ 2.25886297  1.98744429  1.79474328  3.16770629  1.98735461  1.05954923
   1.79476374  1.1738425   1.180291    1.17379637  1.87186577  2.68084002
   2.77284231  1.89471931  2.77279468  1.14743198  2.31143629  1.18027564
   2.77287174  2.31149041  0.          2.7045235   1.87189346  2.70455906
   2.11364406  2.77286236]
 [ 1.87416321  2.70456954  1.08850799  1.17382996  1.8947041   1.77869948
   1.77872112  2.65044982  2.25885261  1.87412614  1.14343867  1.14347297
   2.25890606  1.87415961  1.17384681  2.18646978  1.17380795  2.70456394
   1.17382678  2.70456864  2.7045235   0.          2.18647261  1.87417622
   1.08851418  1.89472011]
 [ 2.18646591  1.87186843  1.7814496   1.87190125  2.68084513  1.1030668
   1.10306605  1.14346238  1.87189995  2.18646872  1.85316758  1.85319214
   1.87187054  1.14345047  2.68086812  1.85317385  2.68085398  1.14747907
   1.87187383  1.14745576  1.87189346  2.18647261  0.          1.1434711
   1.1030731   1.14743482]
 [ 1.87414037  1.89466348  1.77870926  1.17385549  2.70455607  1.77871312
   1.08850334  1.87414685  2.70457346  2.65044984  2.18646768  1.14347362
   1.17378297  1.87416174  2.25891525  2.18645779  2.70456261  2.25892072
   1.89468363  1.17381038  2.70455906  1.87417622  1.1434711   0.
   1.0885222   1.17376867]
 [ 1.77871647  2.11364789  1.05592389  1.05955313  2.11364832  1.05592234
   1.05592653  1.7787174   1.79477335  1.77871312  1.10305991  1.1030761
   1.79476547  1.08851939  1.79479027  1.78146062  1.79477496  1.79479691
   1.05953957  1.79477531  2.11364406  1.08851418  1.1030731   1.0885222
   0.          1.05954305]
 [ 2.70452066  2.77277836  2.11363913  1.18028162  3.16769964  1.79477944
   1.79473182  2.25887328  2.31153745  2.70457869  1.87190762  1.87184939
   2.31138768  1.17387371  2.7728469   2.68084089  2.77286144  1.98748437
   1.18030206  1.98735601  2.77286236  1.89472011  1.14743482  1.17376867
   1.05954305  0.        ]]
avg:  120
