BasinHopping: step -1, energy      -99.630982, emin      -99.630982, dr        0.300000
Moved:  5
BasinHopping: step 0, energy     -103.882605, emin     -103.882605, dr        0.300000
Moved:  5
BasinHopping: step 1, energy     -103.089106, emin     -103.882605, dr        0.300000
Moved:  3
BasinHopping: step 2, energy     -105.428793, emin     -105.428793, dr        0.300000
Moved:  4
BasinHopping: step 3, energy     -105.066781, emin     -105.428793, dr        0.300000
Moved:  5
BasinHopping: step 4, energy     -105.709197, emin     -105.709197, dr        0.300000
Moved:  8
BasinHopping: step 5, energy     -106.199343, emin     -106.199343, dr        0.300000
Moved:  5
BasinHopping: step 6, energy     -108.315615, emin     -108.315615, dr        0.300000
0   [0.43204046596064294, 0.27922027825756485, 0.30781847816158925, 0.29316068394206113, 0.28711307799772978, 0.19357560716637492, 0.54948796902276797]
1   [0.44720480747919888, 0.34803595721597491, 0.34150588955798566, 0.31449313027127868, 0.33326991345003643, 0.4303113193990723, 0.60794290463464984]
2   [0.46243992507911347, 0.47737742167453312, 0.37798378115044462, 0.45134542221785851, 0.4006621160411592, 0.46314542352571503, 0.61804516118331776]
3   [0.57345158090440851, 0.57464544584762967, 0.5094115919547918, 0.47295463105013325, 0.41967891807463376, 0.60962157946099804, 0.61854880637154819]
4   [0.62904325512422576, 0.57656033719574828, 0.60233296274833847, 0.54486983642555864, 0.50514118693471144, 0.64162875664634822, 0.62533332656683827]
5   [0.64515958592780343, 0.58299072084098214, 0.66100961358623866, 0.56446345615086579, 0.55630743257218573, 0.6424645357415123, 0.62627944935409985]
6   [0.65530972724267211, 0.61010496533315184, 0.68669616947770273, 0.61861343270257496, 0.59065556161659849, 0.64657933574181681, 0.64244412482094382]
7   [0.67204651194636933, 0.64451237164233788, 0.68951039795622815, 0.62456757573242272, 0.59259268436210266, 0.71479935638656633, 0.69888329376403313]
8   [0.6995300673076924, 0.6567146654474606, 0.72774851502757965, 0.6374490298621035, 0.65652595775642519, 0.74940975654876296, 0.75297886589799989]
9   [0.71297423227514334, 0.70236012216457, 0.73766128544892517, 0.64493406599784719, 0.72756235441299466, 0.76111149069979478, 0.75518806706800323]
10   [0.7225396480974039, 0.70406817917071762, 0.74746042146936253, 0.66892883065207553, 0.74894468853993512, 0.78651013987303764, 0.7639007589541188]
11   [0.7319661829586932, 0.74824094398858554, 0.82461425579371095, 0.67219109557262591, 0.78403775388032459, 0.81072705301876513, 0.7821191973190974]
12   [0.75037704176814468, 0.75161683223610121, 0.84395522945507218, 0.68742475466144604, 0.78860601408126074, 0.83414137326406701, 0.79338967432101626]
13   [0.8010953904097694, 0.76415008993613287, 0.87453801809087284, 0.78543394706071301, 0.80205972283203508, 0.8492338662003347, 0.80615787266996253]
14   [0.80635330494442659, 0.81295718582680065, 0.87482297883827598, 0.78571547999295832, 0.80447716968061012, 0.8499860451151724, 0.81126492905546987]
15   [0.81139340895928391, 0.85224974693685018, 0.88679654038762545, 0.81066050443104132, 0.80975640917967817, 0.8695377485908552, 0.82001628993969899]
16   [0.8418344994957988, 0.85550769151267037, 0.91210254840766247, 0.82714714198221551, 0.85655229224605034, 0.874510541159779, 0.90169973454709174]
17   [0.84498645043468024, 0.8689787732952976, 0.92401222833196817, 0.82791260491963481, 0.88508605064499746, 0.88070596864579687, 0.91426384072201428]
18   [0.84621187486207272, 0.92803970505613809, 0.96437384006551474, 0.83277995020155382, 0.88742817601555346, 0.89967405256114452, 0.9205930189378041]
19   [0.87997981639376832, 0.95468852395427162, 0.96551551783683565, 0.83561460908710972, 0.88824108724593764, 0.93125346755955907, 0.94972538946358553]
20   [0.92553091161212797, 0.98359220728658803, 0.98185131975474194, 0.84120875024577735, 0.92043328280883063, 0.96219463392716209, 0.98029768229807779]
21   [0.93906379910106885, 1.05386837289888, 0.98566380480229909, 0.90484231774687685, 0.93450113832046589, 0.96434854335917242, 1.0057263730349917]
22   [0.94828088792832832, 1.0594144673316888, 0.99364672304281143, 0.91626484824610233, 0.99316876588816239, 1.0290578771529484, 1.0149161494054544]
23   [0.95082805201470699, 1.083217475189225, 0.9940214509995452, 0.92432243448654627, 0.99696935469607861, 1.0416424330116278, 1.0278874330222754]
24   [0.9738729523944184, 1.0973339845844672, 1.0081716907689993, 1.0346591217701098, 1.0140048011600844, 1.1318639525308636, 1.1023916522853057]
25   [1.1960710514491588, 1.1445701343584174, 1.0721166211483049, 1.0560404970613821, 1.1167320463926236, 1.1795648922546087, 1.1103431328275255]
force calls:  1057
pe:  -108.315615068
distances:  [[ 0.          2.77288513  1.17377426  2.77285527  2.77285378  1.79474468
   1.98751849  1.89471409  1.87184512  1.87191321  1.79479758  1.98735813
   2.68086618  1.14745154  2.25887804  3.16772214  1.0595535   2.31141276
   1.17387936  1.18027803  1.18025142  2.70452257  2.31151232  2.70458561
   2.77277711  2.11365047]
 [ 2.77288513  0.          2.70455983  2.77279959  2.31143039  1.79476626
   1.18026336  2.70452604  2.6808465   1.8718739   1.05955342  2.31147956
   1.14744621  1.87190396  1.17384047  1.98740564  2.11364178  2.77282336
   1.89472055  2.77284077  3.1677021   2.25886973  1.18030378  1.17379513
   1.98738921  1.79475249]
 [ 1.17377426  2.70455983  0.          2.25891191  2.70455284  1.08850107
   2.25892308  1.87416233  1.14345785  2.18647034  1.77870985  1.1738122
   2.18646469  1.14347331  1.87413845  2.70456788  1.08851721  1.17380075
   1.87414888  1.89469068  1.17384997  1.87412603  2.70455081  2.6504433
   1.89466831  1.77870697]
 [ 2.77285527  2.77279959  2.25891191  0.          1.18029155  1.79477982
   3.16770783  1.17385229  1.14748356  1.8719061   2.11364342  2.77286381
   1.87184998  2.68088083  2.70455515  1.18024018  1.7947967   1.98747458
   2.70458938  2.31154642  1.98745298  1.17382768  2.77286099  1.89468135
   2.31154215  1.05954753]
 [ 2.77285378  2.31143039  2.70455284  1.18029155  0.          2.11363872
   2.77282118  1.17380744  1.87188546  1.14745856  1.79475482  3.16770528
   1.87186632  2.68085251  2.70454418  1.18026676  1.79476524  2.77287132
   2.25890296  1.98746408  2.3114609   1.89472211  1.98743093  1.17380542
   2.77288971  1.05954697]
 [ 1.79474468  1.79476626  1.08850107  1.79477982  2.11363872  0.
   1.79476487  1.77870588  1.10307411  1.78145403  1.05591611  1.05955764
   1.10307516  1.10307882  1.08850889  1.79479847  1.0559158   1.05954808
   1.77870177  2.11363651  1.79477528  1.08850341  2.11364321  1.77870433
   1.05954951  1.05591925]
 [ 1.98751849  1.18026336  2.25892308  3.16770783  2.77282118  1.79476487
   0.          2.70456856  2.68087172  1.87189031  1.05954787  1.98739823
   1.87186129  1.14748421  1.17377503  2.7728346   1.79479835  2.77281878
   1.17386294  2.31149535  2.77287866  2.70453446  1.18025682  1.89467953
   2.31138557  2.11364399]
 [ 1.89471409  2.70452604  1.87416233  1.17385229  1.17380744  1.77870588
   2.70456856  0.          1.1434703   1.14345175  1.77869545  2.70455925
   2.18645238  2.18647389  2.65043633  1.89468106  1.08851318  2.25892771
   1.87416455  1.17387521  1.17382628  1.87415327  2.25888623  1.87412659
   2.7045889   1.08849914]
 [ 1.87184512  2.6808465   1.14345785  1.14748356  1.87188546  1.10307411
   2.68087172  1.1434703   0.          1.85318956  1.78145414  1.87189463
   1.85317718  1.85319438  2.18646986  1.87189124  1.10307589  1.14749208
   2.18647736  1.8718977   1.14746037  1.14345827  2.68086555  2.18646496
   1.87192277  1.10307052]
 [ 1.87191321  1.8718739   2.18647034  1.8719061   1.14745856  1.78145403
   1.87189031  1.14345175  1.85318956  0.          1.10306819  2.68084705
   1.85319545  1.85317659  2.18646112  1.8718974   1.10306608  2.68087497
   1.14347438  1.14747302  1.87186303  2.18648781  1.14746162  1.1434737
   2.68087423  1.10308839]
 [ 1.79479758  1.05955342  1.77870985  2.11364342  1.79475482  1.05591611
   1.05954787  1.77869545  1.78145414  1.10306819  0.          1.79476314
   1.10308309  1.10307735  1.08850495  1.7947882   1.05591575  2.1136397
   1.08851558  1.79476674  2.11363906  1.77870762  1.05955266  1.08850781
   1.79475492  1.05592073]
 [ 1.98735813  2.31147956  1.1738122   2.77286381  3.16770528  1.05955764
   1.98739823  2.70455925  1.87189463  2.68084705  1.79476314  0.
   1.87189724  1.14743863  1.17381542  2.77288238  1.79476272  1.18026838
   2.25885283  2.77280248  2.31148492  1.89470687  2.77281583  2.70455223
   1.18023381  2.1136498 ]
 [ 2.68086618  1.14744621  2.18646469  1.87184998  1.87186632  1.10307516
   1.87186129  2.18645238  1.85317718  1.85319545  1.10308309  1.87189724
   0.          1.85320348  1.14348642  1.14747212  1.78145666  1.87187758
   2.18648539  2.68087142  2.68085558  1.14344936  1.87191245  1.1434603
   1.14748438  1.10306499]
 [ 1.14745154  1.87190396  1.14347331  2.68088083  2.68085251  1.10307882
   1.14748421  2.18647389  1.85319438  1.85317659  1.10307735  1.14743863
   1.85320348  0.          1.14345377  2.68088813  1.10307414  1.87187003
   1.14343544  1.87184603  1.87189123  2.18647057  1.87186097  2.18647265
   1.87183421  1.78146515]
 [ 2.25887804  1.17384047  1.87413845  2.70455515  2.70454418  1.08850889
   1.17377503  2.65043633  2.18646986  2.18646112  1.08850495  1.17381542
   1.14348642  1.14345377  0.          2.25892804  1.77869858  1.89467963
   1.87412389  2.70452888  2.70455283  1.8741479   1.89468915  1.8741485
   1.17376659  1.77871025]
 [ 3.16772214  1.98740564  2.70456788  1.18024018  1.18026676  1.79479847
   2.7728346   1.89468106  1.87189124  1.8718974   1.7947882   2.77288238
   1.14747212  2.68088813  2.25892804  0.          2.11365555  2.31152424
   2.70458343  2.77287499  2.77283818  1.17386656  2.31151446  1.17382515
   1.98752906  1.05955751]
 [ 1.0595535   2.11364178  1.08851721  1.7947967   1.79476524  1.0559158
   1.79479835  1.08851318  1.10307589  1.10306608  1.05591575  1.79476272
   1.78145666  1.10307414  1.77869858  2.11365555  0.          1.79478034
   1.08851412  1.05954533  1.05954948  1.77870798  1.79476474  1.77870523
   2.11364053  1.05592317]
 [ 2.31141276  2.77282336  1.17380075  1.98747458  2.77287132  1.05954808
   2.77281878  2.25892771  1.14749208  2.68087497  2.1136397   1.18026838
   1.87187758  1.87187003  1.89467963  2.31152424  1.79478034  0.
   2.70454507  2.77284954  1.98745371  1.17383449  3.16770737  2.70456185
   1.18028706  1.79479075]
 [ 1.17387936  1.89472055  1.87414888  2.70458938  2.25890296  1.77870177
   1.17386294  1.87416455  2.18647736  1.14347438  1.08851558  2.25885283
   2.18648539  1.14343544  1.87412389  2.70458343  1.08851412  2.70454507
   0.          1.17381064  1.89470055  2.65045302  1.1738145   1.87416953
   2.70451782  1.77872916]
 [ 1.18027803  2.77284077  1.89469068  2.31154642  1.98746408  2.11363651
   2.31149535  1.17387521  1.8718977   1.14747302  1.79476674  2.77280248
   2.68087142  1.87184603  2.70452888  2.77287499  1.05954533  2.77284954
   1.17381064  0.          1.18026582  2.70457666  1.98741235  2.25891506
   3.16770244  1.79480153]
 [ 1.18025142  3.1677021   1.17384997  1.98745298  2.3114609   1.79477528
   2.77287866  1.17382628  1.14746037  1.87186303  2.11363906  2.31148492
   2.68085558  1.87189123  2.70455283  2.77283818  1.05954948  1.98745371
   1.89470055  1.18026582  0.          2.25889063  2.77282509  2.70454275
   2.77285671  1.79476632]
 [ 2.70452257  2.25886973  1.87412603  1.17382768  1.89472211  1.08850341
   2.70453446  1.87415327  1.14345827  2.18648781  1.77870762  1.89470687
   1.14344936  2.18647057  1.8741479   1.17386656  1.77870798  1.17383449
   2.65045302  2.70457666  2.25889063  0.          2.70457735  1.87415503
   1.17389662  1.08851489]
 [ 2.31151232  1.18030378  2.70455081  2.77286099  1.98743093  2.11364321
   1.18025682  2.25888623  2.68086555  1.14746162  1.05955266  2.77281583
   1.87191245  1.87186097  1.89468915  2.31151446  1.79476474  3.16770737
   1.1738145   1.98741235  2.77282509  2.70457735  0.          1.17386396
   2.77282889  1.79479409]
 [ 2.70458561  1.17379513  2.6504433   1.89468135  1.17380542  1.77870433
   1.89467953  1.87412659  2.18646496  1.1434737   1.08850781  2.70455223
   1.1434603   2.18647265  1.8741485   1.17382515  1.77870523  2.70456185
   1.87416953  2.25891506  2.70454275  1.87415503  1.17386396  0.
   2.25891275  1.08850755]
 [ 2.77277711  1.98738921  1.89466831  2.31154215  2.77288971  1.05954951
   2.31138557  2.7045889   1.87192277  2.68087423  1.79475492  1.18023381
   1.14748438  1.87183421  1.17376659  1.98752906  2.11364053  1.18028706
   2.70451782  3.16770244  2.77285671  1.17389662  2.77282889  2.25891275
   0.          1.79481088]
 [ 2.11365047  1.79475249  1.77870697  1.05954753  1.05954697  1.05591925
   2.11364399  1.08849914  1.10307052  1.10308839  1.05592073  2.1136498
   1.10306499  1.78146515  1.77871025  1.05955751  1.05592317  1.79479075
   1.77872916  1.79480153  1.79476632  1.08851489  1.79479409  1.08850755
   1.79481088  0.        ]]
avg:  105
